0 1 30
0 2 30
0 3 40
0 4 30
0 5 30
0 6 40
0 7 30
0 8 30
0 9 40
0 10 30
0 11 30
0 12 40
0 13 30
0 14 30
0 15 40
0 16 30
0 17 30
0 18 40
0 19 30
1 0 30
1 2 20
1 3 60
1 4 30
1 5 20
1 6 60
1 7 30
1 8 20
1 9 60
1 10 30
1 11 20
1 12 60
1 13 30
1 14 20
1 15 60
1 16 30
1 17 20
1 18 60
1 19 30
2 0 30
2 1 20
2 3 10
2 4 30
2 5 20
2 6 10
2 7 30
2 8 20
2 9 10
2 10 30
2 11 20
2 12 10
2 13 30
2 14 20
2 15 10
2 16 30
2 17 20
2 18 10
2 19 30
3 0 40
3 1 60
3 2 10
3 4 40
3 5 60
3 6 10
3 7 40
3 8 60
3 9 10
3 10 40
3 11 60
3 12 10
3 13 40
3 14 60
3 15 10
3 16 40
3 17 60
3 18 10
3 19 40
4 0 30
4 1 30
4 2 30
4 3 40
4 5 30
4 6 40
4 7 30
4 8 30
4 9 40
4 10 30
4 11 30
4 12 40
4 13 30
4 14 30
4 15 40
4 16 30
4 17 30
4 18 40
4 19 30
5 0 30
5 1 20
5 2 20
5 3 60
5 4 30
5 6 60
5 7 30
5 8 20
5 9 60
5 10 30
5 11 20
5 12 60
5 13 30
5 14 20
5 15 60
5 16 30
5 17 20
5 18 60
5 19 30
6 0 40
6 1 60
6 2 10
6 3 10
6 4 40
6 5 60
6 7 40
6 8 60
6 9 10
6 10 40
6 11 60
6 12 10
6 13 40
6 14 60
6 15 10
6 16 40
6 17 60
6 18 10
6 19 40
7 0 30
7 1 30
7 2 30
7 3 40
7 4 30
7 5 30
7 6 40
7 8 30
7 9 40
7 10 30
7 11 30
7 12 40
7 13 30
7 14 30
7 15 40
7 16 30
7 17 30
7 18 40
7 19 30
8 0 30
8 1 20
8 2 20
8 3 60
8 4 30
8 5 20
8 6 60
8 7 30
8 9 60
8 10 30
8 11 20
8 12 60
8 13 30
8 14 20
8 15 60
8 16 30
8 17 20
8 18 60
8 19 30
9 0 40
9 1 60
9 2 10
9 3 10
9 4 40
9 5 60
9 6 10
9 7 40
9 8 60
9 10 40
9 11 60
9 12 10
9 13 40
9 14 60
9 15 10
9 16 40
9 17 60
9 18 10
9 19 40
10 0 30
10 1 30
10 2 30
10 3 40
10 4 30
10 5 30
10 6 40
10 7 30
10 8 30
10 9 40
10 11 30
10 12 40
10 13 30
10 14 30
10 15 40
10 16 30
10 17 30
10 18 40
10 19 30
11 0 30
11 1 20
11 2 20
11 3 60
11 4 30
11 5 20
11 6 60
11 7 30
11 8 20
11 9 60
11 10 30
11 12 60
11 13 30
11 14 20
11 15 60
11 16 30
11 17 20
11 18 60
11 19 30
12 0 40
12 1 60
12 2 10
12 3 10
12 4 40
12 5 60
12 6 10
12 7 40
12 8 60
12 9 10
12 10 40
12 11 60
12 13 40
12 14 60
12 15 10
12 16 40
12 17 60
12 18 10
12 19 40
13 0 30
13 1 30
13 2 30
13 3 40
13 4 30
13 5 30
13 6 40
13 7 30
13 8 30
13 9 40
13 10 30
13 11 30
13 12 40
13 14 30
13 15 40
13 16 30
13 17 30
13 18 40
13 19 30
14 0 30
14 1 20
14 2 20
14 3 60
14 4 30
14 5 20
14 6 60
14 7 30
14 8 20
14 9 60
14 10 30
14 11 20
14 12 60
14 13 30
14 15 60
14 16 30
14 17 20
14 18 60
14 19 30
15 0 40
15 1 60
15 2 10
15 3 10
15 4 40
15 5 60
15 6 10
15 7 40
15 8 60
15 9 10
15 10 40
15 11 60
15 12 10
15 13 40
15 14 60
15 16 40
15 17 60
15 18 10
15 19 40
16 0 30
16 1 30
16 2 30
16 3 40
16 4 30
16 5 30
16 6 40
16 7 30
16 8 30
16 9 40
16 10 30
16 11 30
16 12 40
16 13 30
16 14 30
16 15 40
16 17 30
16 18 40
16 19 30
17 0 30
17 1 20
17 2 20
17 3 60
17 4 30
17 5 20
17 6 60
17 7 30
17 8 20
17 9 60
17 10 30
17 11 20
17 12 60
17 13 30
17 14 20
17 15 60
17 16 30
17 18 60
17 19 30
18 0 40
18 1 60
18 2 10
18 3 10
18 4 40
18 5 60
18 6 10
18 7 40
18 8 60
18 9 10
18 10 40
18 11 60
18 12 10
18 13 40
18 14 60
18 15 10
18 16 40
18 17 60
18 19 40
19 0 30
19 1 30
19 2 30
19 3 40
19 4 30
19 5 30
19 6 40
19 7 30
19 8 30
19 9 40
19 10 30
19 11 30
19 12 40
19 13 30
19 14 30
19 15 40
19 16 30
19 17 30
19 18 40